399.0
446.0
509.0
568.0
595.0
582.0
534.0
469.0
413.0
390.0
407.0
459.0
525.0
577.0
596.0
573.0
520.0
455.0
404.0
390.0
415.0
471.0
535.0
582.0
595.0
568.0
510.0
446.0
400.0
391.0
423.0
480.0
544.0
588.0
593.0
560.0
500.0
437.0
396.0
393.0
430.0
491.0
553.0
591.0
590.0
551.0
488.0
428.0
392.0
396.0
438.0
501.0
561.0
593.0
587.0
542.0
479.0
421.0
390.0
401.0
449.0
513.0
569.0
595.0
581.0
532.0
468.0
413.0
390.0
408.0
459.0
523.0
575.0
596.0
576.0
523.0
458.0
407.0
390.0
413.0
468.0
533.0
581.0
596.0
569.0
513.0
448.0
401.0
391.0
420.0
479.0
543.0
587.0
593.0
561.0
501.0
439.0
398.0
392.0
428.0
488.0
551.0
590.0
591.0
555.0
493.0
431.0
394.0
395.0
435.0
498.0
558.0
592.0
588.0
547.0
483.0
423.0
391.0
399.0
444.0
508.0
566.0
595.0
584.0
537.0
473.0
415.0
390.0
404.0
454.0
518.0
573.0
597.0
578.0
527.0
461.0
409.0
390.0
412.0
467.0
532.0
582.0
596.0
568.0
510.0
447.0
400.0
391.0
423.0
483.0
545.0
588.0
593.0
560.0
500.0
436.0
395.0
393.0
431.0
493.0
555.0
591.0
590.0
551.0
487.0
427.0
392.0
398.0
440.0
504.0
563.0
594.0
585.0
540.0
477.0
419.0
390.0
401.0
449.0
514.0
569.0
596.0
580.0
531.0
465.0
412.0
389.0
408.0
461.0
527.0
578.0
597.0
572.0
519.0
454.0
404.0
390.0
415.0
471.0
535.0
583.0
595.0
567.0
509.0
445.0
400.0
391.0
422.0
480.0
543.0
587.0
594.0
560.0
500.0
437.0
397.0
393.0
431.0
492.0
554.0
591.0
590.0
551.0
488.0
427.0
393.0
398.0
440.0
503.0
561.0
594.0
587.0
543.0
479.0
420.0
390.0
402.0
449.0
513.0
569.0
595.0
581.0
532.0
467.0
412.0
390.0
408.0
460.0
524.0
578.0
596.0
574.0
522.0
455.0
406.0
390.0
415.0
471.0
536.0
584.0
595.0
566.0
508.0
444.0
399.0
391.0
423.0
483.0
547.0
588.0
593.0
559.0
498.0
435.0
396.0
393.0
430.0
492.0
553.0
591.0
590.0
550.0
487.0
427.0
393.0
397.0
440.0
504.0
563.0
595.0
585.0
539.0
475.0
419.0
390.0
403.0
452.0
518.0
572.0
596.0
580.0
530.0
464.0
411.0
389.0
409.0
463.0
528.0
579.0
596.0
572.0
517.0
453.0
403.0
390.0
416.0
474.0
537.0
584.0
594.0
564.0
505.0
442.0
398.0
391.0
425.0
486.0
548.0
589.0
592.0
557.0
496.0
433.0
395.0
394.0
432.0
494.0
556.0
591.0
589.0
548.0
486.0
425.0
391.0
398.0
441.0
505.0
563.0
594.0
585.0
539.0
475.0
418.0
390.0
402.0
451.0
516.0
571.0
596.0
580.0
530.0
465.0
411.0
390.0
408.0
460.0
525.0
578.0
596.0
573.0
519.0
454.0
405.0
390.0
417.0
473.0
536.0
583.0
595.0
565.0
508.0
444.0
399.0
391.0
425.0
484.0
547.0
588.0
592.0
557.0
497.0
435.0
395.0
394.0
431.0
493.0
555.0
591.0
590.0
550.0
487.0
427.0
392.0
397.0
440.0
503.0
562.0
594.0
586.0
541.0
477.0
419.0
391.0
402.0
450.0
515.0
569.0
595.0
581.0
532.0
466.0
412.0
390.0
408.0
460.0
525.0
577.0
596.0
574.0
520.0
456.0
405.0
390.0
415.0
471.0
536.0
583.0
594.0
565.0
506.0
442.0
398.0
392.0
426.0
487.0
550.0
590.0
591.0
553.0
492.0
431.0
394.0
395.0
434.0
498.0
558.0
593.0
588.0
545.0
483.0
423.0
391.0
399.0
442.0
506.0
564.0
594.0
585.0
540.0
475.0
418.0
390.0
403.0
452.0
516.0
571.0
595.0
579.0
528.0
463.0
410.0
388.0
409.0
463.0
527.0
579.0
596.0
572.0
518.0
454.0
403.0
390.0
418.0
475.0
540.0
585.0
595.0
564.0
505.0
441.0
398.0
391.0
425.0
485.0
548.0
589.0
592.0
556.0
495.0
432.0
395.0
394.0
434.0
495.0
556.0
592.0
589.0
548.0
486.0
425.0
392.0
398.0
442.0
505.0
564.0
595.0
585.0
539.0
474.0
418.0
390.0
402.0
450.0
516.0
571.0
595.0
581.0
531.0
465.0
411.0
389.0
408.0
460.0
525.0
577.0
596.0
573.0
519.0
454.0
405.0
390.0
417.0
473.0
538.0
584.0
595.0
565.0
507.0
443.0
398.0
392.0
426.0
486.0
549.0
589.0
592.0
555.0
494.0
433.0
394.0
395.0
435.0
497.0
558.0
593.0
588.0
547.0
483.0
424.0
391.0
398.0
443.0
506.0
565.0
595.0
584.0
536.0
471.0
415.0
390.0
406.0
456.0
523.0
576.0
596.0
575.0
521.0
455.0
405.0
390.0
416.0
473.0
536.0
583.0
595.0
565.0
505.0
441.0
398.0
392.0
426.0
487.0
551.0
590.0
591.0
553.0
490.0
430.0
393.0
397.0
441.0
504.0
563.0
595.0
586.0
541.0
478.0
420.0
391.0
402.0
449.0
515.0
570.0
595.0
580.0
530.0
464.0
410.0
389.0
410.0
463.0
529.0
579.0
595.0
571.0
515.0
450.0
402.0
390.0
419.0
477.0
541.0
586.0
594.0
561.0
502.0
439.0
397.0
393.0
429.0
491.0
552.0
590.0
591.0
552.0
490.0
428.0
393.0
396.0
438.0
502.0
561.0
594.0
585.0
541.0
477.0
419.0
390.0
401.0
448.0
513.0
569.0
595.0
581.0
532.0
467.0
412.0
389.0
408.0
460.0
526.0
577.0
596.0
574.0
519.0
454.0
405.0
389.0
415.0
472.0
535.0
583.0
595.0
565.0
507.0
444.0
399.0
391.0
423.0
482.0
546.0
588.0
592.0
557.0
496.0
434.0
395.0
394.0
433.0
495.0
556.0
592.0
589.0
547.0
484.0
425.0
391.0
397.0
440.0
503.0
561.0
593.0
585.0
541.0
476.0
418.0
390.0
401.0
450.0
513.0
568.0
595.0
579.0
529.0
464.0
411.0
388.0
408.0
461.0
526.0
578.0
595.0
573.0
519.0
454.0
404.0
389.0
415.0
472.0
535.0
582.0
595.0
566.0
508.0
444.0
399.0
391.0
423.0
482.0
546.0
587.0
591.0
556.0
496.0
433.0
395.0
394.0
432.0
495.0
556.0
591.0
589.0
548.0
485.0
425.0
392.0
398.0
441.0
505.0
564.0
595.0
584.0
538.0
475.0
417.0
389.0
403.0
453.0
518.0
573.0
596.0
576.0
524.0
459.0
407.0
389.0
412.0
468.0
531.0
580.0
595.0
569.0
513.0
448.0
401.0
390.0
419.0
478.0
543.0
586.0
593.0
560.0
500.0
437.0
396.0
392.0
429.0
490.0
552.0
590.0
590.0
551.0
488.0
428.0
392.0
396.0
437.0
501.0
560.0
593.0
585.0
540.0
477.0
419.0
390.0
401.0
448.0
513.0
569.0
595.0
580.0
530.0
465.0
411.0
389.0
408.0
460.0
526.0
577.0
595.0
572.0
518.0
453.0
404.0
389.0
416.0
472.0
538.0
583.0
594.0
565.0
507.0
443.0
398.0
391.0
423.0
481.0
544.0
587.0
592.0
558.0
496.0
435.0
395.0
394.0
432.0
493.0
555.0
591.0
589.0
548.0
485.0
425.0
391.0
398.0
440.0
503.0
561.0
594.0
585.0
541.0
477.0
419.0
390.0
401.0
449.0
513.0
571.0
595.0
580.0
531.0
466.0
412.0
389.0
408.0
460.0
525.0
577.0
595.0
573.0
519.0
455.0
404.0
390.0
415.0
471.0
536.0
583.0
595.0
564.0
507.0
442.0
398.0
390.0
422.0
482.0
545.0
587.0
591.0
557.0
496.0
434.0
394.0
393.0
430.0
493.0
554.0
591.0
589.0
549.0
487.0
426.0
392.0
397.0
440.0
503.0
563.0
594.0
584.0
539.0
474.0
417.0
390.0
403.0
453.0
518.0
573.0
595.0
577.0
526.0
460.0
408.0
389.0
411.0
467.0
530.0
580.0
596.0
569.0
513.0
449.0
402.0
390.0
420.0
479.0
542.0
586.0
593.0
560.0
500.0
437.0
396.0
392.0
428.0
490.0
551.0
590.0
590.0
552.0
491.0
429.0
393.0
395.0
435.0
499.0
559.0
592.0
587.0
544.0
480.0
422.0
391.0
399.0
445.0
510.0
567.0
595.0
582.0
533.0
469.0
414.0
389.0
405.0
456.0
521.0
575.0
595.0
575.0
523.0
457.0
407.0
389.0
414.0
468.0
534.0
581.0
595.0
567.0
510.0
446.0
400.0
391.0
423.0
481.0
545.0
587.0
593.0
558.0
498.0
436.0
396.0
393.0
429.0
490.0
551.0
591.0
591.0
552.0
490.0
430.0
392.0
396.0
439.0
500.0
561.0
593.0
586.0
542.0
477.0
419.0
390.0
401.0
448.0
513.0
568.0
593.0
580.0
532.0
467.0
412.0
388.0
407.0
458.0
523.0
575.0
595.0
574.0
522.0
457.0
406.0
388.0
412.0
468.0
531.0
581.0
594.0
567.0
511.0
447.0
401.0
389.0
419.0
477.0
541.0
585.0
592.0
560.0
501.0
437.0
396.0
391.0
427.0
488.0
551.0
590.0
590.0
552.0
490.0
430.0
393.0
396.0
436.0
500.0
560.0
593.0
587.0
543.0
479.0
419.0
390.0
400.0
448.0
511.0
567.0
594.0
582.0
533.0
468.0
413.0
389.0
405.0
455.0
520.0
574.0
595.0
575.0
523.0
459.0
407.0
389.0
411.0
465.0
530.0
579.0
595.0
570.0
515.0
450.0
401.0
389.0
417.0
473.0
538.0
583.0
593.0
562.0
503.0
440.0
397.0
391.0
425.0
486.0
548.0
588.0
590.0
553.0
492.0
430.0
393.0
394.0
434.0
497.0
557.0
591.0
588.0
546.0
483.0
423.0
391.0
398.0
442.0
507.0
564.0
595.0
583.0
536.0
472.0
416.0
390.0
403.0
453.0
517.0
572.0
595.0
579.0
527.0
463.0
410.0
388.0
408.0
460.0
526.0
578.0
595.0
571.0
516.0
452.0
403.0
389.0
415.0
472.0
536.0
583.0
593.0
565.0
507.0
443.0
399.0
390.0
421.0
480.0
543.0
586.0
592.0
559.0
499.0
436.0
395.0
391.0
427.0
487.0
549.0
590.0
590.0
551.0
491.0
429.0
392.0
395.0
435.0
498.0
558.0
591.0
586.0
543.0
480.0
420.0
390.0
399.0
444.0
509.0
566.0
594.0
582.0
535.0
470.0
414.0
389.0
404.0
454.0
519.0
573.0
596.0
576.0
524.0
459.0
407.0
389.0
412.0
466.0
532.0
580.0
595.0
568.0
511.0
447.0
400.0
390.0
420.0
479.0
543.0
586.0
592.0
559.0
499.0
436.0
395.0
393.0
428.0
489.0
551.0
591.0
590.0
551.0
488.0
428.0
392.0
396.0
439.0
501.0
561.0
593.0
585.0
541.0
476.0
418.0
390.0
401.0
449.0
513.0
569.0
594.0
579.0
529.0
465.0
411.0
388.0
407.0
459.0
524.0
576.0
595.0
574.0
521.0
456.0
405.0
389.0
413.0
470.0
534.0
582.0
595.0
567.0
511.0
447.0
401.0
390.0
420.0
478.0
542.0
586.0
593.0
560.0
501.0
438.0
396.0
392.0
428.0
489.0
551.0
590.0
591.0
553.0
492.0
430.0
393.0
396.0
437.0
500.0
560.0
593.0
587.0
542.0
478.0
420.0
390.0
401.0
448.0
511.0
568.0
594.0
580.0
529.0
463.0
409.0
389.0
408.0
462.0
527.0
579.0
595.0
571.0
516.0
449.0
401.0
390.0
418.0
476.0
540.0
585.0
592.0
560.0
499.0
437.0
396.0
393.0
431.0
493.0
555.0
591.0
589.0
548.0
486.0
425.0
391.0
398.0
441.0
506.0
564.0
594.0
584.0
538.0
473.0
417.0
390.0
401.0
449.0
515.0
570.0
595.0
579.0
529.0
465.0
411.0
389.0
407.0
459.0
525.0
577.0
595.0
573.0
519.0
454.0
404.0
389.0
416.0
472.0
536.0
583.0
595.0
565.0
507.0
443.0
399.0
391.0
423.0
482.0
546.0
588.0
592.0
557.0
496.0
435.0
395.0
394.0
432.0
495.0
556.0
591.0
589.0
548.0
485.0
425.0
391.0
398.0
440.0
504.0
562.0
593.0
586.0
542.0
477.0
419.0
390.0
402.0
449.0
514.0
570.0
595.0
580.0
531.0
465.0
411.0
389.0
408.0
461.0
526.0
577.0
596.0
573.0
519.0
454.0
405.0
390.0
415.0
472.0
536.0
583.0
593.0
564.0
507.0
442.0
398.0
391.0
423.0
483.0
546.0
588.0
593.0
557.0
496.0
434.0
395.0
393.0
431.0
494.0
553.0
590.0
588.0
548.0
486.0
427.0
391.0
396.0
440.0
503.0
561.0
594.0
586.0
540.0
476.0
419.0
390.0
401.0
448.0
513.0
569.0
595.0
580.0
531.0
465.0
411.0
389.0
407.0
461.0
524.0
577.0
595.0
573.0
519.0
454.0
404.0
390.0
415.0
472.0
537.0
583.0
594.0
565.0
507.0
443.0
399.0
391.0
424.0
485.0
547.0
588.0
592.0
556.0
495.0
432.0
394.0
394.0
433.0
496.0
557.0
591.0
588.0
546.0
483.0
423.0
391.0
398.0
443.0
507.0
564.0
595.0
583.0
536.0
472.0
416.0
389.0
403.0
452.0
517.0
572.0
596.0
578.0
526.0
462.0
409.0
389.0
411.0
464.0
530.0
580.0
595.0
570.0
515.0
451.0
402.0
390.0
417.0
474.0
538.0
583.0
594.0
563.0
504.0
441.0
398.0
391.0
425.0
485.0
549.0
589.0
591.0
556.0
494.0
433.0
393.0
395.0
435.0
497.0
558.0
592.0
588.0
546.0
483.0
423.0
391.0
399.0
442.0
506.0
563.0
594.0
584.0
539.0
474.0
417.0
389.0
403.0
451.0
517.0
572.0
595.0
578.0
527.0
463.0
409.0
388.0
408.0
462.0
526.0
577.0
595.0
572.0
518.0
452.0
403.0
389.0
415.0
471.0
536.0
582.0
593.0
563.0
506.0
441.0
397.0
390.0
423.0
483.0
547.0
588.0
592.0
558.0
496.0
434.0
395.0
394.0
431.0
494.0
555.0
591.0
589.0
548.0
485.0
424.0
391.0
399.0
443.0
508.0
566.0
595.0
583.0
535.0
470.0
414.0
389.0
406.0
457.0
522.0
576.0
595.0
575.0
521.0
456.0
405.0
389.0
414.0
470.0
534.0
582.0
595.0
567.0
510.0
445.0
399.0
391.0
421.0
480.0
543.0
587.0
593.0
560.0
500.0
438.0
396.0
391.0
427.0
488.0
550.0
589.0
591.0
553.0
493.0
431.0
393.0
396.0
436.0
499.0
559.0
592.0
588.0
545.0
481.0
422.0
391.0
400.0
446.0
510.0
566.0
594.0
581.0
531.0
468.0
413.0
389.0
407.0
458.0
523.0
576.0
595.0
574.0
521.0
456.0
406.0
389.0
412.0
467.0
532.0
580.0
594.0
568.0
512.0
447.0
400.0
390.0
420.0
478.0
541.0
585.0
593.0
562.0
501.0
438.0
396.0
392.0
428.0
488.0
551.0
590.0
590.0
552.0
489.0
429.0
392.0
396.0
437.0
500.0
560.0
593.0
586.0
543.0
479.0
420.0
390.0
401.0
448.0
512.0
568.0
595.0
582.0
533.0
468.0
413.0
388.0
406.0
456.0
521.0
575.0
595.0
576.0
524.0
458.0
407.0
389.0
412.0
466.0
532.0
581.0
595.0
567.0
511.0
446.0
400.0
391.0
422.0
482.0
545.0
587.0
593.0
559.0
499.0
436.0
395.0
394.0
432.0
493.0
555.0
592.0
589.0
548.0
484.0
424.0
391.0
399.0
444.0
508.0
566.0
594.0
582.0
534.0
469.0
413.0
390.0
406.0
458.0
524.0
576.0
595.0
574.0
521.0
455.0
405.0
389.0
414.0
470.0
535.0
583.0
595.0
567.0
510.0
445.0
399.0
390.0
421.0
481.0
543.0
588.0
592.0
559.0
499.0
436.0
395.0
392.0
429.0
491.0
552.0
590.0
590.0
551.0
488.0
428.0
392.0
396.0
438.0
502.0
561.0
593.0
586.0
542.0
478.0
420.0
391.0
400.0
447.0
512.0
569.0
595.0
581.0
531.0
467.0
412.0
389.0
407.0
459.0
525.0
576.0
595.0
573.0
519.0
455.0
404.0
389.0
415.0
472.0
535.0
583.0
594.0
566.0
508.0
444.0
399.0
391.0
423.0
482.0
546.0
588.0
592.0
558.0
497.0
435.0
395.0
393.0
432.0
494.0
555.0
591.0
589.0
548.0
485.0
426.0
391.0
398.0
440.0
503.0
561.0
593.0
586.0
542.0
477.0
420.0
390.0
401.0
449.0
515.0
571.0
596.0
