734.0
713.0
679.0
634.0
584.0
532.0
484.0
446.0
420.0
409.0
416.0
437.0
472.0
519.0
571.0
649.0
722.0
734.0
681.0
583.0
481.0
417.0
419.0
484.0
586.0
683.0
735.0
721.0
646.0
542.0
450.0
410.0
437.0
521.0
627.0
710.0
738.0
698.0
608.0
503.0
427.0
412.0
464.0
562.0
664.0
729.0
731.0
668.0
566.0
468.0
414.0
425.0
499.0
603.0
696.0
738.0
713.0
631.0
525.0
440.0
410.0
448.0
538.0
643.0
719.0
737.0
686.0
591.0
487.0
420.0
416.0
478.0
579.0
678.0
733.0
725.0
653.0
550.0
456.0
411.0
433.0
514.0
620.0
705.0
737.0
703.0
614.0
509.0
431.0
411.0
459.0
553.0
657.0
725.0
731.0
673.0
574.0
474.0
415.0
422.0
492.0
596.0
690.0
737.0
717.0
637.0
532.0
443.0
409.0
443.0
530.0
635.0
716.0
737.0
692.0
599.0
495.0
423.0
414.0
472.0
572.0
672.0
732.0
726.0
659.0
556.0
460.0
411.0
430.0
507.0
612.0
702.0
739.0
708.0
622.0
516.0
434.0
410.0
453.0
546.0
651.0
724.0
735.0
680.0
582.0
480.0
417.0
419.0
486.0
588.0
685.0
736.0
720.0
644.0
539.0
448.0
410.0
438.0
524.0
629.0
712.0
738.0
697.0
605.0
501.0
426.0
413.0
465.0
563.0
665.0
728.0
729.0
667.0
565.0
467.0
413.0
426.0
500.0
605.0
696.0
737.0
711.0
628.0
523.0
438.0
410.0
449.0
540.0
644.0
721.0
736.0
685.0
589.0
486.0
419.0
417.0
479.0
580.0
679.0
733.0
723.0
651.0
548.0
455.0
410.0
435.0
516.0
622.0
707.0
738.0
702.0
613.0
508.0
430.0
411.0
461.0
556.0
658.0
726.0
731.0
673.0
573.0
473.0
415.0
423.0
494.0
597.0
691.0
737.0
716.0
636.0
530.0
443.0
409.0
443.0
531.0
637.0
717.0
737.0
691.0
597.0
493.0
422.0
414.0
473.0
573.0
674.0
732.0
725.0
657.0
554.0
459.0
411.0
430.0
509.0
615.0
703.0
738.0
707.0
620.0
514.0
433.0
411.0
455.0
549.0
653.0
723.0
732.0
678.0
579.0
478.0
416.0
420.0
487.0
590.0
686.0
736.0
719.0
643.0
538.0
448.0
410.0
439.0
524.0
630.0
712.0
737.0
695.0
603.0
499.0
426.0
413.0
467.0
566.0
668.0
731.0
729.0
664.0
562.0
464.0
412.0
427.0
502.0
607.0
699.0
738.0
711.0
628.0
521.0
438.0
410.0
450.0
541.0
645.0
719.0
734.0
683.0
588.0
485.0
419.0
418.0
481.0
583.0
680.0
734.0
723.0
650.0
546.0
452.0
410.0
434.0
517.0
623.0
709.0
739.0
701.0
611.0
506.0
429.0
411.0
462.0
558.0
660.0
727.0
731.0
670.0
570.0
471.0
414.0
424.0
496.0
600.0
693.0
737.0
714.0
634.0
529.0
442.0
409.0
445.0
533.0
638.0
716.0
736.0
690.0
595.0
491.0
422.0
416.0
475.0
575.0
674.0
732.0
725.0
656.0
552.0
457.0
410.0
431.0
511.0
616.0
704.0
739.0
705.0
618.0
513.0
432.0
410.0
457.0
550.0
654.0
724.0
733.0
675.0
578.0
476.0
416.0
421.0
489.0
592.0
688.0
736.0
718.0
641.0
536.0
446.0
409.0
440.0
526.0
632.0
714.0
738.0
695.0
602.0
498.0
425.0
414.0
469.0
567.0
669.0
731.0
728.0
663.0
560.0
463.0
411.0
427.0
504.0
609.0
699.0
738.0
710.0
626.0
520.0
437.0
410.0
451.0
543.0
647.0
722.0
735.0
683.0
585.0
483.0
418.0
418.0
482.0
585.0
683.0
735.0
722.0
648.0
544.0
452.0
410.0
437.0
520.0
626.0
710.0
738.0
699.0
609.0
505.0
428.0
412.0
463.0
560.0
662.0
728.0
732.0
670.0
569.0
470.0
414.0
424.0
496.0
600.0
694.0
738.0
714.0
633.0
527.0
441.0
410.0
446.0
536.0
641.0
719.0
737.0
688.0
592.0
489.0
421.0
416.0
476.0
577.0
676.0
733.0
725.0
655.0
551.0
457.0
411.0
432.0
512.0
618.0
705.0
737.0
704.0
617.0
512.0
432.0
411.0
457.0
553.0
657.0
726.0
733.0
676.0
576.0
476.0
416.0
422.0
491.0
594.0
689.0
737.0
719.0
640.0
535.0
446.0
410.0
442.0
528.0
635.0
714.0
737.0
693.0
600.0
495.0
424.0
413.0
470.0
569.0
670.0
731.0
728.0
661.0
559.0
462.0
412.0
429.0
506.0
610.0
699.0
737.0
708.0
623.0
518.0
436.0
410.0
452.0
545.0
649.0
722.0
735.0
680.0
584.0
481.0
418.0
418.0
483.0
587.0
683.0
734.0
721.0
646.0
542.0
450.0
410.0
437.0
521.0
627.0
711.0
738.0
699.0
607.0
503.0
427.0
412.0
465.0
563.0
665.0
729.0
731.0
668.0
566.0
469.0
414.0
426.0
499.0
603.0
695.0
738.0
713.0
631.0
526.0
440.0
410.0
447.0
538.0
643.0
719.0
736.0
687.0
592.0
488.0
421.0
417.0
478.0
579.0
678.0
735.0
725.0
653.0
549.0
456.0
411.0
433.0
514.0
620.0
707.0
739.0
703.0
615.0
510.0
431.0
411.0
458.0
554.0
657.0
726.0
733.0
673.0
574.0
474.0
416.0
423.0
493.0
596.0
690.0
737.0
717.0
639.0
533.0
445.0
410.0
443.0
531.0
636.0
716.0
737.0
692.0
599.0
495.0
423.0
415.0
472.0
571.0
672.0
732.0
728.0
660.0
557.0
461.0
412.0
430.0
507.0
613.0
703.0
739.0
708.0
622.0
517.0
435.0
411.0
454.0
548.0
651.0
723.0
735.0
679.0
582.0
480.0
417.0
420.0
486.0
589.0
685.0
736.0
720.0
645.0
540.0
449.0
410.0
438.0
523.0
629.0
711.0
738.0
696.0
605.0
500.0
426.0
412.0
465.0
564.0
666.0
730.0
730.0
667.0
565.0
467.0
413.0
426.0
500.0
606.0
696.0
737.0
711.0
628.0
523.0
439.0
410.0
450.0
540.0
645.0
720.0
735.0
685.0
588.0
486.0
419.0
417.0
479.0
580.0
678.0
733.0
722.0
652.0
548.0
455.0
410.0
435.0
516.0
621.0
707.0
738.0
703.0
613.0
508.0
429.0
411.0
460.0
556.0
658.0
728.0
733.0
673.0
573.0
472.0
414.0
423.0
493.0
597.0
691.0
737.0
715.0
636.0
530.0
443.0
409.0
444.0
531.0
638.0
717.0
737.0
690.0
597.0
492.0
423.0
415.0
474.0
574.0
674.0
732.0
726.0
658.0
556.0
460.0
412.0
431.0
509.0
614.0
703.0
739.0
707.0
621.0
515.0
434.0
411.0
455.0
549.0
653.0
725.0
734.0
679.0
580.0
479.0
416.0
420.0
488.0
591.0
687.0
736.0
720.0
643.0
538.0
448.0
410.0
440.0
525.0
631.0
712.0
738.0
695.0
603.0
499.0
425.0
413.0
467.0
564.0
667.0
731.0
729.0
665.0
563.0
465.0
412.0
427.0
502.0
607.0
697.0
737.0
710.0
627.0
521.0
437.0
409.0
450.0
541.0
646.0
721.0
736.0
684.0
587.0
484.0
418.0
417.0
481.0
582.0
680.0
734.0
721.0
649.0
546.0
453.0
411.0
435.0
518.0
624.0
708.0
738.0
699.0
610.0
505.0
428.0
411.0
462.0
558.0
661.0
727.0
732.0
671.0
570.0
471.0
414.0
423.0
495.0
598.0
691.0
736.0
715.0
635.0
529.0
442.0
410.0
446.0
534.0
639.0
717.0
736.0
688.0
594.0
491.0
421.0
416.0
475.0
575.0
675.0
733.0
726.0
656.0
553.0
458.0
411.0
431.0
511.0
615.0
703.0
738.0
705.0
618.0
514.0
433.0
411.0
456.0
551.0
654.0
725.0
733.0
677.0
578.0
476.0
416.0
420.0
488.0
591.0
687.0
737.0
719.0
642.0
537.0
447.0
409.0
440.0
526.0
632.0
713.0
737.0
694.0
601.0
497.0
425.0
414.0
469.0
568.0
669.0
731.0
729.0
663.0
560.0
463.0
412.0
427.0
504.0
608.0
698.0
737.0
708.0
625.0
520.0
437.0
411.0
451.0
544.0
648.0
722.0
735.0
683.0
585.0
483.0
418.0
418.0
482.0
583.0
681.0
735.0
722.0
649.0
544.0
452.0
410.0
436.0
520.0
625.0
710.0
737.0
699.0
608.0
503.0
427.0
412.0
463.0
560.0
663.0
729.0
731.0
669.0
568.0
468.0
413.0
424.0
496.0
601.0
693.0
737.0
714.0
633.0
527.0
441.0
410.0
447.0
536.0
640.0
717.0
735.0
687.0
592.0
490.0
422.0
416.0
476.0
577.0
676.0
733.0
725.0
655.0
551.0
456.0
411.0
432.0
512.0
618.0
705.0
739.0
705.0
617.0
511.0
431.0
411.0
457.0
553.0
656.0
725.0
732.0
674.0
575.0
475.0
416.0
422.0
491.0
594.0
689.0
736.0
717.0
639.0
534.0
445.0
409.0
441.0
528.0
633.0
714.0
737.0
693.0
601.0
496.0
424.0
415.0
470.0
569.0
669.0
730.0
727.0
661.0
558.0
463.0
412.0
429.0
505.0
611.0
700.0
739.0
709.0
624.0
519.0
436.0
410.0
452.0
544.0
650.0
723.0
735.0
680.0
583.0
482.0
418.0
419.0
484.0
587.0
684.0
735.0
721.0
646.0
542.0
451.0
410.0
438.0
522.0
626.0
710.0
738.0
699.0
608.0
503.0
428.0
413.0
464.0
562.0
664.0
729.0
731.0
668.0
567.0
468.0
413.0
425.0
499.0
604.0
696.0
738.0
713.0
631.0
526.0
440.0
410.0
448.0
538.0
643.0
720.0
737.0
687.0
591.0
488.0
421.0
417.0
479.0
580.0
679.0
735.0
725.0
653.0
549.0
456.0
411.0
433.0
514.0
620.0
706.0
738.0
703.0
615.0
510.0
431.0
411.0
459.0
555.0
657.0
727.0
733.0
674.0
575.0
474.0
416.0
422.0
492.0
596.0
690.0
737.0
717.0
639.0
533.0
445.0
409.0
443.0
530.0
636.0
716.0
737.0
692.0
598.0
493.0
423.0
415.0
472.0
572.0
672.0
732.0
727.0
660.0
558.0
461.0
412.0
430.0
508.0
613.0
702.0
738.0
708.0
623.0
517.0
435.0
411.0
454.0
547.0
651.0
724.0
734.0
680.0
581.0
480.0
416.0
418.0
484.0
587.0
684.0
736.0
721.0
646.0
541.0
449.0
409.0
439.0
523.0
629.0
712.0
739.0
697.0
606.0
501.0
426.0
413.0
466.0
563.0
665.0
729.0
728.0
665.0
563.0
467.0
413.0
426.0
500.0
605.0
697.0
738.0
712.0
630.0
524.0
439.0
409.0
449.0
540.0
644.0
720.0
735.0
685.0
590.0
486.0
419.0
417.0
480.0
581.0
679.0
734.0
724.0
652.0
548.0
454.0
411.0
434.0
517.0
622.0
708.0
739.0
702.0
614.0
508.0
430.0
412.0
461.0
557.0
659.0
728.0
733.0
673.0
572.0
473.0
415.0
423.0
494.0
598.0
692.0
737.0
716.0
636.0
531.0
444.0
410.0
444.0
532.0
637.0
717.0
737.0
691.0
597.0
493.0
423.0
415.0
474.0
573.0
673.0
733.0
727.0
659.0
555.0
459.0
411.0
431.0
510.0
615.0
703.0
739.0
707.0
621.0
515.0
434.0
410.0
455.0
549.0
654.0
725.0
734.0
678.0
580.0
478.0
417.0
420.0
487.0
591.0
686.0
736.0
720.0
643.0
539.0
448.0
410.0
440.0
526.0
631.0
713.0
738.0
697.0
604.0
500.0
426.0
413.0
467.0
566.0
667.0
731.0
730.0
665.0
563.0
465.0
413.0
427.0
502.0
607.0
699.0
738.0
711.0
627.0
522.0
438.0
410.0
450.0
541.0
647.0
721.0
735.0
684.0
587.0
485.0
420.0
418.0
482.0
583.0
680.0
734.0
723.0
650.0
546.0
453.0
410.0
435.0
518.0
623.0
709.0
739.0
702.0
611.0
506.0
430.0
412.0
462.0
558.0
661.0
728.0
732.0
671.0
571.0
471.0
415.0
424.0
495.0
600.0
693.0
737.0
715.0
635.0
529.0
443.0
410.0
445.0
534.0
639.0
717.0
737.0
689.0
595.0
491.0
422.0
415.0
475.0
575.0
675.0
733.0
726.0
657.0
553.0
459.0
411.0
431.0
511.0
616.0
703.0
737.0
705.0
619.0
513.0
432.0
411.0
456.0
550.0
655.0
725.0
734.0
677.0
578.0
477.0
416.0
421.0
489.0
593.0
688.0
737.0
719.0
641.0
536.0
447.0
410.0
441.0
527.0
633.0
713.0
737.0
694.0
602.0
497.0
425.0
414.0
468.0
566.0
667.0
729.0
727.0
663.0
561.0
464.0
412.0
428.0
503.0
609.0
699.0
738.0
711.0
627.0
520.0
437.0
410.0
450.0
542.0
647.0
722.0
739.0
432.0
512.0
618.0
705.0
739.0
705.0
617.0
511.0
431.0
411.0
457.0
552.0
655.0
724.0
731.0
674.0
575.0
512.0
618.0
705.0
739.0
705.0
617.0
511.0
431.0
411.0
457.0
552.0
655.0
724.0
731.0
674.0
575.0
477.0
692.0
600.0
496.0
424.0
414.0
436.0
717.0
640.0
535.0
445.0
409.0
441.0
528.0
633.0
714.0
737.0
692.0
600.0
496.0
424.0
414.0
469.0
436.0
410.0
452.0
545.0
649.0
722.0
762.0
412.0
428.0
505.0
610.0
700.0
738.0
709.0
624.0
519.0
436.0
410.0
452.0
545.0
649.0
722.0
735.0
681.0
584.0
481.0
417.0
418.0
483.0
586.0
682.0
734.0
721.0
646.0
543.0
451.0
410.0
437.0
521.0
626.0
710.0
738.0
699.0
608.0
503.0
428.0
412.0
464.0
561.0
664.0
729.0
730.0
668.0
566.0
467.0
412.0
425.0
498.0
603.0
695.0
737.0
713.0
631.0
526.0
440.0
409.0
447.0
537.0
642.0
719.0
736.0
687.0
591.0
488.0
421.0
416.0
478.0
578.0
677.0
733.0
724.0
654.0
550.0
456.0
411.0
433.0
514.0
619.0
706.0
739.0
704.0
616.0
510.0
431.0
410.0
459.0
553.0
657.0
726.0
732.0
674.0
574.0
473.0
414.0
422.0
491.0
596.0
691.0
737.0
717.0
638.0
533.0
445.0
409.0
442.0
529.0
634.0
714.0
736.0
691.0
599.0
496.0
424.0
415.0
472.0
572.0
671.0
730.0
727.0
660.0
557.0
461.0
412.0
429.0
506.0
611.0
701.0
738.0
707.0
623.0
517.0
435.0
410.0
453.0
546.0
650.0
723.0
734.0
680.0
582.0
481.0
417.0
419.0
485.0
588.0
685.0
736.0
721.0
645.0
541.0
449.0
410.0
438.0
523.0
629.0
711.0
738.0
698.0
606.0
502.0
427.0
413.0
466.0
564.0
666.0
729.0
730.0
667.0
565.0
467.0
413.0
426.0
500.0
604.0
696.0
737.0
712.0
630.0
524.0
438.0
409.0
448.0
538.0
643.0
720.0
737.0
686.0
590.0
486.0
420.0
417.0
479.0
581.0
679.0
734.0
723.0
651.0
547.0
454.0
410.0
434.0
516.0
621.0
707.0
738.0
702.0
613.0
508.0
430.0
411.0
459.0
555.0
657.0
726.0
731.0
673.0
573.0
473.0
415.0
423.0
493.0
597.0
690.0
736.0
715.0
636.0
531.0
443.0
410.0
444.0
532.0
637.0
717.0
737.0
691.0
597.0
493.0
422.0
414.0
472.0
573.0
672.0
732.0
727.0
659.0
555.0
460.0
411.0
430.0
508.0
614.0
702.0
737.0
706.0
620.0
514.0
434.0
411.0
455.0
548.0
652.0
724.0
734.0
679.0
580.0
479.0
417.0
419.0
486.0
589.0
685.0
735.0
720.0
644.0
540.0
449.0
410.0
439.0
525.0
628.0
712.0
737.0
696.0
604.0
499.0
425.0
412.0
467.0
564.0
666.0
731.0
730.0
665.0
564.0
465.0
413.0
427.0
502.0
607.0
698.0
737.0
710.0
627.0
522.0
437.0
411.0
450.0
541.0
646.0
721.0
735.0
684.0
588.0
485.0
420.0
417.0
480.0
581.0
679.0
734.0
723.0
651.0
546.0
454.0
410.0
435.0
517.0
623.0
707.0
737.0
701.0
612.0
506.0
429.0
412.0
461.0
558.0
661.0
728.0
732.0
671.0
570.0
471.0
414.0
424.0
495.0
598.0
693.0
737.0
715.0
635.0
529.0
442.0
410.0
445.0
533.0
639.0
717.0
737.0
690.0
595.0
492.0
422.0
416.0
475.0
575.0
674.0
733.0
726.0
657.0
554.0
459.0
411.0
431.0
511.0
616.0
704.0
739.0
706.0
619.0
514.0
432.0
411.0
456.0
550.0
654.0
725.0
734.0
677.0
578.0
477.0
416.0
420.0
488.0
592.0
687.0
737.0
