1.02
1.08
1.15
1.21
1.26
1.3
1.33
1.34
1.34
1.32
1.29
1.24
1.19
1.13
1.06
1.0
0.94
0.9
0.87
0.85
0.84
0.86
0.89
0.93
0.98
1.04
1.11
1.17
1.23
1.28
1.32
1.34
1.35
1.34
1.31
1.28
1.23
1.17
1.11
1.04
0.98
0.93
0.89
0.86
0.84
0.85
0.86
0.9
0.94
1.0
1.06
1.13
1.19
1.24
1.29
1.32
1.34
1.34
1.33
1.3
1.26
1.21
1.15
1.09
1.03
0.97
0.92
0.88
0.85
0.84
0.85
0.87
0.91
0.95
1.01
1.07
1.14
1.2
1.25
1.3
1.33
1.35
1.34
1.33
1.3
1.25
1.2
1.14
1.07
1.01
0.95
0.91
0.87
0.85
0.84
0.85
0.88
0.92
0.97
1.03
1.09
1.15
1.21
1.26
1.31
1.33
1.34
1.34
1.32
1.29
1.24
1.19
1.13
1.06
1.0
0.94
0.9
0.87
0.85
0.84
0.86
0.89
0.93
0.98
1.04
1.1
1.17
1.23
1.27
1.31
1.34
1.35
1.34
1.31
1.28
1.23
1.17
1.11
1.04
0.98
0.93
0.89
0.86
0.84
0.85
0.87
0.9
0.94
1.0
1.06
1.13
1.19
1.24
1.29
1.32
1.34
1.35
1.33
1.3
1.26
1.21
1.15
1.09
1.02
0.96
0.92
0.88
0.85
0.84
0.85
0.87
0.91
0.96
1.02
1.08
1.15
1.21
1.26
1.3
1.33
1.35
1.34
1.32
1.29
1.25
1.19
1.13
1.06
1.0
0.94
0.9
0.87
0.85
0.84
0.86
0.88
0.93
0.98
1.04
1.1
1.16
1.22
1.27
1.31
1.34
1.35
1.34
1.31
1.28
1.23
1.17
1.11
1.04
0.98
0.93
0.89
0.86
0.84
0.85
0.86
0.9
0.94
1.0
1.06
1.12
1.19
1.24
1.29
1.32
1.34
1.35
1.33
1.3
1.26
1.21
1.15
1.09
1.02
0.96
0.92
0.88
0.85
0.84
0.85
0.87
0.91
0.96
1.02
1.08
1.15
1.21
1.26
1.3
1.33
1.34
1.34
1.33
1.29
1.25
1.19
1.13
1.06
1.0
0.95
0.9
0.87
0.85
0.84
0.86
0.88
0.93
0.98
1.04
1.1
1.17
1.23
1.28
1.32
1.34
1.35
1.34
1.31
1.27
1.22
1.16
1.1
1.04
0.98
0.93
0.88
0.86
0.84
0.85
0.87
0.9
0.95
1.0
1.07
1.13
1.19
1.25
1.29
1.33
1.34
1.34
1.33
1.3
1.25
1.2
1.14
1.08
1.01
0.96
0.91
0.87
0.85
0.84
0.85
0.88
0.92
0.97
1.03
1.09
1.16
1.22
1.27
1.31
1.34
1.35
1.34
1.32
1.28
1.23
1.17
1.11
1.05
0.99
0.93
0.89
0.86
0.84
0.85
0.86
0.9
0.94
1.0
1.06
1.12
1.18
1.24
1.29
1.32
1.34
1.35
1.33
1.3
1.26
1.21
1.15
1.08
1.02
0.96
0.91
0.87
0.85
0.84
0.85
0.88
0.92
0.96
1.02
1.09
1.15
1.21
1.26
1.31
1.33
1.35
1.34
1.32
1.28
1.24
1.18
1.12
1.05
0.99
0.94
0.89
0.86
0.85
0.84
0.86
0.89
0.94
0.99
1.05
1.12
1.18
1.24
1.28
1.32
1.34
1.35
1.33
1.31
1.27
1.21
1.15
1.09
1.03
0.97
0.92
0.88
0.85
0.84
0.85
0.87
0.91
0.96
1.02
1.08
1.14
1.2
1.26
1.3
1.33
1.35
1.34
1.33
1.29
1.25
1.19
1.13
1.06
1.0
0.94
0.9
0.87
0.85
0.84
0.86
0.89
0.93
0.98
1.04
1.11
1.17
1.23
1.28
1.32
1.34
1.35
1.34
1.31
1.28
1.23
1.17
1.1
1.04
0.98
0.93
0.88
0.86
0.85
0.85
0.87
0.9
0.95
1.01
1.07
1.13
1.19
1.25
1.29
1.33
1.35
1.35
1.33
1.3
1.25
1.2
1.14
1.08
1.01
0.95
0.91
0.87
0.85
0.84
0.85
0.88
0.92
0.97
1.03
1.1
1.16
1.22
1.27
1.31
1.34
1.35
1.34
1.32
1.28
1.23
1.17
1.11
1.05
0.98
0.93
0.89
0.86
0.84
0.85
0.86
0.9
0.94
1.0
1.06
1.13
1.19
1.24
1.29
1.32
1.34
1.35
1.33
1.3
1.26
1.21
1.15
1.08
1.02
0.96
0.91
0.87
0.85
0.84
0.85
0.88
0.92
0.97
1.03
1.09
1.15
1.21
1.26
1.31
1.33
1.35
1.34
1.32
1.29
1.24
1.18
1.12
1.05
0.99
0.94
0.89
0.86
0.84
0.85
0.86
0.89
0.94
0.99
1.05
1.12
1.18
1.24
1.29
1.32
1.34
1.35
1.33
1.31
1.26
1.21
1.15
1.09
1.02
0.96
0.92
0.88
0.85
0.84
0.85
0.88
0.91
0.96
1.02
1.08
1.15
1.21
1.26
1.3
1.33
1.35
1.34
1.32
1.29
1.24
1.18
1.12
1.06
0.99
0.94
0.89
0.86
0.85
0.85
0.86
0.89
0.94
0.99
1.05
1.12
1.18
1.24
1.28
1.32
1.34
1.35
1.34
1.31
1.26
1.21
1.15
1.09
1.03
0.97
0.92
0.88
0.85
0.84
0.85
0.88
0.91
0.96
1.02
1.08
1.15
1.21
1.26
1.3
1.33
1.35
1.34
1.32
1.29
1.24
1.19
1.12
1.06
1.0
0.94
0.9
0.86
0.85
0.85
0.86
0.89
0.93
0.99
1.05
1.11
1.17
1.23
1.28
1.32
1.34
1.35
1.34
1.31
1.27
1.22
1.16
1.09
1.03
0.97
0.92
0.88
0.85
0.84
0.85
0.87
0.91
0.96
1.02
1.08
1.14
1.2
1.26
1.3
1.33
1.34
1.34
1.32
1.29
1.25
1.19
1.13
1.06
1.0
0.94
0.9
0.87
0.85
0.84
0.86
0.89
0.93
0.98
1.04
1.11
1.17
1.23
1.28
1.32
1.34
1.35
1.34
1.31
1.27
1.22
1.16
1.1
1.04
0.98
0.93
0.88
0.86
0.84
0.85
0.87
0.9
0.95
1.01
1.07
1.13
1.19
1.25
1.3
1.33
1.34
1.34
1.33
1.3
1.25
1.2
1.14
1.07
1.01
0.95
0.9
0.87
0.85
0.84
0.86
0.88
0.92
0.98
1.03
1.1
1.16
1.22
1.27
1.31
1.34
1.35
1.34
1.32
1.28
1.23
1.17
1.1
1.04
0.98
0.93
0.89
0.86
0.84
0.85
0.87
0.9
0.95
1.0
1.06
1.13
1.19
1.25
1.29
1.32
1.34
1.34
1.33
1.3
1.25
1.2
1.14
1.07
1.01
0.95
0.91
0.87
0.85
0.84
0.85
0.88
0.92
0.97
1.03
1.1
1.16
1.22
1.27
1.31
1.34
1.35
1.34
1.32
1.28
1.23
1.17
1.11
1.04
0.98
0.93
0.89
0.86
0.84
0.85
0.87
0.9
0.95
1.0
1.06
1.13
1.19
1.25
1.29
1.32
1.34
1.35
1.33
1.3
1.25
1.2
1.14
1.08
1.01
0.95
0.91
0.87
0.85
0.84
0.85
0.88
0.92
0.97
1.03
1.09
1.15
1.21
1.26
1.31
1.33
1.35
1.34
1.32
1.28
1.24
1.18
1.11
1.05
0.99
0.94
0.89
0.86
0.84
0.85
0.86
0.89
0.94
0.99
1.05
1.12
1.18
1.24
1.29
1.32
1.34
1.35
1.33
1.3
1.26
1.21
1.15
1.08
1.02
0.96
0.91
0.87
0.85
0.84
0.85
0.88
0.92
0.97
1.03
1.09
1.15
1.21
1.26
1.3
1.33
1.35
1.34
1.32
1.29
1.24
1.18
1.12
1.05
0.99
0.94
0.89
0.86
0.84
0.85
0.86
0.89
0.94
0.99
1.05
1.11
1.17
1.23
1.28
1.32
1.34
1.35
1.34
1.31
1.27
1.21
1.15
1.09
1.03
0.97
0.92
0.88
0.85
0.84
0.85
0.87
0.91
0.96
1.02
1.08
1.15
1.21
1.26
1.3
1.33
1.35
1.34
1.32
1.29
1.24
1.19
1.12
1.06
1.0
0.94
0.9
0.86
0.85
0.85
0.86
0.89
0.93
0.99
1.05
1.11
1.17
1.23
1.28
1.32
1.34
1.35
1.34
1.31
1.27
1.22
1.15
1.09
1.03
0.97
0.92
0.88
0.85
0.84
0.85
0.87
0.91
0.96
1.02
1.08
1.14
1.2
1.26
1.3
1.33
1.35
1.34
1.32
1.29
1.24
1.19
1.13
1.06
1.0
0.94
0.9
0.87
0.85
0.84
0.86
0.89
0.93
0.98
1.04
1.11
1.17
1.23
1.28
1.32
1.34
1.35
1.34
1.31
1.27
1.22
1.17
1.11
1.04
0.98
0.93
0.89
0.86
0.84
0.85
0.87
0.9
0.94
1.0
1.06
1.13
1.19
1.25
1.29
1.32
1.34
1.35
1.33
1.3
1.26
1.21
1.15
1.09
1.02
0.96
0.92
0.88
0.85
0.84
0.85
0.88
0.91
0.96
1.02
1.08
1.15
1.21
1.26
1.3
1.33
1.35
1.34
1.32
1.29
1.24
1.18
1.12
1.06
0.99
0.94
0.9
0.86
0.85
0.84
0.86
0.89
0.94
0.99
1.05
1.12
1.18
1.23
1.28
1.32
1.34
1.34
1.34
1.31
1.27
1.22
1.16
1.1
1.03
0.97
0.92
0.88
0.85
0.84
0.85
0.87
0.91
0.95
1.01
1.07
1.14
1.2
1.25
1.3
1.33
1.34
1.34
1.33
1.3
1.25
1.19
1.14
1.07
1.01
0.95
0.91
0.87
0.85
0.84
0.85
0.88
0.92
0.97
1.04
1.1
1.16
1.22
1.27
1.31
1.34
1.35
1.34
1.32
1.28
1.23
1.17
1.11
1.05
0.99
0.94
0.89
0.86
0.84
0.85
0.86
0.89
0.94
0.99
1.05
1.12
1.18
1.24
1.28
1.32
1.34
1.35
1.33
1.31
1.27
1.22
1.16
1.1
1.03
0.97
0.92
0.88
0.85
0.84
0.85
0.87
0.91
0.96
1.01
1.08
1.14
1.2
1.26
1.3
1.33
1.35
1.34
1.32
1.29
1.24
1.19
1.12
1.06
1.0
0.94
0.9
0.86
0.85
0.84
0.86
0.89
0.93
0.98
1.04
1.11
1.17
1.23
1.28
1.31
1.34
1.35
1.34
1.31
1.28
1.23
1.17
1.11
1.04
0.98
0.93
0.89
0.86
0.84
0.85
0.87
0.9
0.94
1.0
1.06
1.13
1.19
1.25
1.29
1.32
1.34
1.35
1.33
1.3
1.26
1.21
1.15
1.09
1.02
0.97
0.92
0.88
0.85
0.84
0.85
0.87
0.91
0.96
1.02
1.08
1.15
1.21
1.26
1.3
1.33
1.34
1.34
1.32
1.29
1.25
1.19
1.13
1.07
1.01
0.95
0.9
0.87
0.85
0.84
0.86
0.89
0.93
0.98
1.04
1.1
1.17
1.22
1.27
1.31
1.34
1.35
1.34
1.31
1.27
1.22
1.16
1.1
1.04
0.98
0.93
0.88
0.85
0.84
0.85
0.87
0.91
0.95
1.01
1.08
1.14
1.2
1.25
1.3
1.33
1.34
1.34
1.33
1.3
1.25
1.2
1.14
1.07
1.01
0.95
0.91
0.87
0.85
0.84
0.85
0.88
0.92
0.97
1.03
1.1
1.16
1.22
1.27
1.31
1.34
1.35
1.34
1.32
1.28
1.24
1.18
1.12
1.05
0.99
0.94
0.89
0.86
0.84
0.84
0.86
0.89
0.94
0.99
1.05
1.11
1.17
1.23
1.28
1.32
1.34
1.35
1.34
1.31
1.27
1.22
1.16
1.1
1.04
0.98
0.93
0.89
0.86
0.84
0.85
0.87
0.9
0.95
1.01
1.07
1.13
1.19
1.25
1.29
1.32
1.34
1.35
1.33
1.3
1.26
1.2
1.14
1.08
1.02
0.95
0.91
0.87
0.85
0.84
0.85
0.88
0.92
0.97
1.03
1.1
1.16
1.22
1.27
1.31
1.34
1.35
1.34
1.32
1.28
1.23
1.17
1.11
1.05
0.99
0.94
0.89
0.86
0.85
0.85
0.86
0.89
0.94
0.99
1.05
1.12
1.18
1.24
1.28
1.32
1.34
1.35
1.33
1.31
1.27
1.22
1.16
1.1
1.03
0.97
0.92
0.88
0.85
0.84
0.85
0.87
0.91
0.96
1.01
1.08
1.14
1.2
1.25
1.3
1.33
1.35
1.34
1.33
1.3
1.25
1.2
1.14
1.07
1.01
0.95
0.91
0.87
0.85
0.84
0.85
0.88
0.92
0.97
1.03
1.1
1.16
1.22
1.27
1.31
1.34
1.35
1.34
1.32
1.28
1.23
1.17
1.12
1.05
0.99
0.94
0.89
0.86
0.84
0.85
0.86
0.89
0.94
0.99
1.06
1.12
1.18
1.24
1.29
1.32
1.34
1.34
1.33
1.3
1.26
1.21
1.15
1.08
1.02
0.96
0.91
0.87
0.85
0.84
0.85
0.88
0.92
0.97
1.03
1.09
1.15
1.21
1.27
1.31
1.34
1.35
1.34
1.32
1.28
1.23
1.17
1.11
1.05
0.99
0.94
0.89
0.86
0.84
0.85
0.86
0.9
0.94
1.0
1.06
1.12
1.19
1.24
1.29
1.32
1.34
1.35
1.33
1.31
1.27
1.21
1.16
1.09
1.03
0.97
0.92
0.88
0.85
0.84
0.85
0.87
0.91
0.96
1.02
1.08
1.14
1.2
1.26
1.3
1.33
1.34
1.34
1.33
1.29
1.25
1.19
1.14
1.07
1.01
0.95
0.91
0.87
0.85
0.84
0.85
0.88
0.92
0.97
1.03
1.1
1.16
1.22
1.27
1.31
1.34
1.35
1.34
1.32
1.28
1.23
1.18
1.11
1.05
0.99
0.94
0.89
0.86
0.85
0.84
0.86
0.89
0.94
0.99
1.05
1.11
1.18
1.24
1.28
1.32
1.34
1.35
1.33
1.3
1.26
1.21
1.15
1.09
1.02
0.96
0.91
0.87
0.85
0.84
0.85
0.87
0.92
0.96
1.02
1.08
1.15
1.21
1.26
1.3
1.33
1.34
1.34
1.32
1.29
1.24
1.19
1.13
1.06
1.0
0.94
0.9
0.86
0.85
0.84
0.86
0.89
0.93
0.98
1.04
1.11
1.17
1.23
1.28
1.31
1.34
1.34
1.34
1.31
1.28
1.23
1.17
1.1
1.04
0.98
0.93
0.89
0.86
0.84
0.85
0.86
0.9
0.94
1.0
1.06
1.13
1.19
1.24
1.29
1.32
1.34
1.34
1.33
1.3
1.26
1.21
1.15
1.09
1.03
0.97
0.92
0.88
0.85
0.84
0.85
0.87
0.91
0.96
1.02
1.08
1.14
1.2
1.26
1.3
1.33
1.34
1.34
1.32
1.29
1.25
1.19
1.13
1.06
1.0
0.94
0.9
0.86
0.85
0.84
0.86
0.89
0.93
0.98
1.04
1.11
1.17
1.23
1.27
1.31
1.34
1.34
1.34
1.31
1.27
1.23
1.17
1.11
1.04
0.98
0.93
0.89
0.86
0.84
0.85
0.87
0.9
0.94
1.0
1.07
1.13
1.19
1.25
1.29
1.32
1.34
1.35
1.33
1.3
1.26
1.21
1.15
1.08
1.02
0.96
0.91
0.88
0.85
0.84
0.85
0.88
0.91
0.96
1.02
1.09
1.15
1.21
1.26
1.3
1.33
1.35
1.34
1.32
1.29
1.25
1.19
1.13
1.06
1.01
0.95
0.9
0.87
0.85
0.84
0.86
0.89
0.93
0.98
1.04
1.1
1.17
1.23
1.27
1.31
1.34
1.35
1.34
1.31
1.28
1.23
1.17
1.1
1.04
0.98
0.93
0.89
0.86
0.84
0.84
0.86
0.9
0.94
1.0
1.06
1.13
1.19
1.24
1.29
1.33
1.34
1.35
1.33
1.3
1.26
1.21
1.15
1.08
1.02
0.96
0.91
0.87
0.85
0.84
0.85
0.88
0.92
0.97
1.03
1.09
1.15
1.21
1.26
1.3
1.33
1.34
1.34
1.32
1.28
1.24
1.18
1.12
1.05
0.99
0.94
0.89
0.86
0.84
0.84
0.86
0.89
0.94
0.99
1.05
1.11
1.18
1.23
1.28
1.32
1.34
1.35
1.34
1.31
1.27
1.22
1.16
1.1
1.04
0.98
0.93
0.88
0.86
0.84
0.85
0.87
0.9
0.95
1.01
1.07
1.13
1.19
1.25
1.29
1.33
1.34
1.34
1.33
1.3
1.26
1.2
1.14
1.08
1.02
0.96
0.91
0.87
0.85
0.84
0.85
0.88
0.92
0.97
1.03
1.09
1.16
1.22
1.27
1.31
1.34
1.35
1.34
1.32
1.28
1.23
1.17
1.11
1.04
0.98
0.93
0.89
0.86
0.84
0.85
0.87
0.9
0.95
1.01
1.07
1.13
1.19
1.25
1.3
1.33
1.34
1.34
1.33
1.3
1.25
1.2
1.13
1.07
1.01
0.95
0.9
0.87
0.85
0.84
0.86
0.88
0.92
0.97
1.04
1.1
1.16
1.22
1.27
1.31
1.34
1.35
1.34
1.32
1.28
1.23
1.17
1.11
1.05
0.99
0.94
0.89
0.86
0.84
0.85
0.86
0.9
0.94
1.0
1.06
1.12
1.19
1.24
1.28
1.32
1.34
1.35
1.33
1.31
1.26
1.21
1.15
1.09
1.03
0.97
0.92
0.88
0.85
0.84
0.85
0.87
0.91
0.96
1.01
1.08
1.14
1.2
1.25
1.3
1.33
1.34
1.34
1.33
1.3
1.25
1.2
1.14
1.07
1.01
0.95
0.91
0.87
0.85
0.84
0.85
0.88
0.92
0.97
1.03
1.09
1.15
1.22
1.27
1.31
1.33
1.35
